40.3443 -74.6569 49 25
40.3501333333333 -74.6528 358.97 0
40.3432 -74.6598 15 60
40.34485 -74.65455 189.5 15
40.3447 -74.659 169 0
40.344 -74.6577 98 120
40.3463 -74.658 355.31 0
40.3465 -74.6581 30.91 0
40.3499 -74.653 182.43 120
40.3499 -74.653 41.51 0
40.3438 -74.6575333333333 271 60
40.3464 -74.6581 88.01 0
40.3462 -74.6539 280.79 180
40.3497 -74.6519 25.26 0
40.3464 -74.6581 354.01 0
40.3461 -74.6581 2.55 0
40.3463 -74.6581 359.346666666667 20
40.3463 -74.6579 4.88 0
40.3463 -74.65815 357.585 0
40.3501 -74.6529 0.25 0
40.3436 -74.6598 38.6719 540
40.3465 -74.65825 11.665 0
40.3487 -74.6536 0.69 60
40.3464 -74.6581 358.643333333333 0
40.3427 -74.661 243 15
40.3463 -74.6581 10.32 0
40.3464 -74.6582 25.33 0
40.3503 -74.6522 332.27 0
40.3465 -74.6582 20.89 0
40.3466 -74.6579 6.81 0
40.3424 -74.661 27 45
40.3463 -74.6581 9.33 0
40.3427 -74.6609 48 15
40.3465 -74.6579 358.01 0
40.3431 -74.6602 114 40
40.3467 -74.6537 14.26 300
40.3463 -74.658 355.29 0
40.3466 -74.6579 13.62 0
40.3426 -74.66095 75 0
40.3464 -74.6582 35.03 0
40.3464 -74.6581 31.15 0
40.3463 -74.658 7.545 0
40.3496 -74.6526 262 360
40.3482 -74.6551 357.755 120
40.3449 -74.6547 280 10
40.3484333333333 -74.6554666666667 80.5566666666667 40
40.34895 -74.6581 2.805 0
40.34385 -74.6598 141.328 150
40.3462 -74.6579 22.62 0
40.3463 -74.6581 0.48 0
40.3463666666667 -74.6581666666667 45.4333333333333 0
40.3439 -74.6574 223 70
40.3438 -74.65875 240.492 240
40.34625 -74.6584 5.245 0
40.3499333333333 -74.6528666666667 350.3 0
40.3502 -74.6524 359.54 60
40.3462 -74.6579 359.81 0
40.3436 -74.6596 116.5 90
40.3494 -74.6528 338.17 0
40.3464 -74.6583 6.64 0
40.3461 -74.6578 14.15 0
40.3464 -74.6583 350.39 0
40.344 -74.657525 38.25 97.5
40.3463 -74.6583 18.76 0
40.3439 -74.6557 284 0
40.346325 -74.65835 9.415 0
40.3465 -74.6582 356.41 0
40.3446 -74.65865 140.5 15
40.347 -74.6609 10 30
40.3454 -74.6529 265 0
40.3424 -74.6611 27.5 37.5
40.3464 -74.6583 352.47 0
40.3464 -74.6579 6.21 0
40.3433 -74.6597 18 45
40.3499 -74.6522 359.86 0
40.3464 -74.6582 0.28 0
40.3464 -74.65795 348.985 0
40.3462 -74.6582 1.07666666666667 0
40.3425 -74.6611 49 15
40.3463 -74.6581 6.38 0
40.3488 -74.6528 358.34 0
40.3467 -74.6602 359.76 60
40.3497 -74.6534 359.825 0
40.3463 -74.6582 2.7 0
40.34445 -74.65635 86.5 52.5
40.3463 -74.6581 355.7 0
40.3465 -74.6574 214.32 60
40.3463 -74.6581 354.79 0
40.3498 -74.6524333333333 1.40666666666667 40
40.3488 -74.65485 359.755 60
40.3482 -74.65475 289.015 0
40.3487 -74.652725 359.54 0
40.34625 -74.65805 80.72 0
40.3453 -74.6561 71 0
40.3493 -74.6529 23.9 120
40.3491 -74.653 4.09 60
40.3446333333333 -74.6559 126.666666666667 33.3333333333333
40.3478 -74.6575 208.16 60
40.3423 -74.661 189 0
40.3462 -74.6584 22.09 0
40.348725 -74.65285 2.3025 0
40.3488 -74.6527 283.73 0
40.34645 -74.6582 334.2 0
40.34955 -74.6531 358.355 0
40.3464 -74.6582 6.8 0
40.3439 -74.6573 323 90
40.3463 -74.6581 347.81 0
40.34275 -74.6609 6 10
40.3464 -74.6579 4.29 0
40.34965 -74.653 358.985 0
40.344 -74.65765 88.5 112.5
40.3464 -74.6583 5.08 0
40.344 -74.6578 340 150
40.3493 -74.6543 357.26 60
40.3464 -74.6581 356.47 30
40.3499 -74.6523 351.66 0
40.3500333333333 -74.6526333333333 22.3566666666667 20
40.3463 -74.6581 38.65 0
40.3464 -74.6581 3.955 15
40.3486 -74.6537 0.23 180
40.3428333333333 -74.6607666666667 239 3.33333333333333
40.3438 -74.6583 292 15
40.3464 -74.65795 15.96 30
40.3477 -74.6551 336 300
40.34635 -74.6583 341.855 0
40.3432 -74.6599 56 75
40.3488 -74.6526 348.44 0
40.3426 -74.6609 31 30
40.3464 -74.6582 9.405 0
40.34565 -74.656 319.52 0
40.3426 -74.6615 305 0
40.3501 -74.6523 13.88 0
40.3449 -74.6587 235 0
40.34965 -74.6531 91.105 120
40.3437 -74.6588 69 225
40.3438 -74.65805 139 150
40.3464 -74.6581 36.42 0
40.3461 -74.6585 0.57 0
40.3464 -74.658 359.555 0
40.3464 -74.658 3.7 0
40.34705 -74.6608 281.0975 300
40.3484 -74.6561 26.04 360
40.3463 -74.6581 11.615 150
40.3423 -74.661 158 60
40.3498 -74.653 244.92 0
40.3498666666667 -74.6530666666667 359.543333333333 20
40.3431 -74.66015 59 67.5
40.343 -74.66035 23.5 45
40.3432 -74.66 185 30
40.34425 -74.6594 233 0
40.34395 -74.65935 103.5 7.5
40.3428666666667 -74.6604 84.6666666666667 40
40.34385 -74.6585 253.5 15
40.3492 -74.6529 180 300
40.3464 -74.6583333333333 13.12 0
40.3463 -74.6582 5 120
40.3464 -74.6582 356.51 0
40.34415 -74.6569 201 160
40.34515 -74.6538 67 0
40.3428 -74.6607666666667 261 10
40.346725 -74.661525 143.2615 285
40.3498 -74.6529 5.57 0
40.3484 -74.6557 348.5 0
40.3464 -74.6582 6.32 0
40.3442 -74.6575 217.617 600
40.3451 -74.6533 70 0
40.3454 -74.65295 122.5 0
40.3462 -74.65805 14.66 0
40.34635 -74.658 5.785 0
40.3497 -74.6517 0.08 0
40.3436 -74.6599 213.047 180
40.34295 -74.66035 73.21095 52.5
40.34755 -74.6544 118 0
40.3463 -74.6585 224.35 0
40.34625 -74.65795 47.325 0
40.3462333333333 -74.6581333333333 21.9766666666667 20
40.3463 -74.6583 0.12 0
40.3444 -74.6567 109 7.5
40.3463 -74.6581 32.85 0
40.34455 -74.6566 255.3865 300
40.3464 -74.6583 2.915 30
40.3474 -74.6592 258.43 120
40.3464333333333 -74.6581333333333 18.72 0
40.3463 -74.6581 2.99 60
40.3438 -74.6591 120 0
40.3443666666667 -74.6553333333333 252.333333333333 30
40.3485 -74.6526 82.46 0
40.3483 -74.65745 31.90955 300
40.3429666666667 -74.6604 225.351666666667 100
40.3455 -74.6573 188.438 0
40.348 -74.6573 346.24 0
40.3464 -74.6582 2.62 0
40.3438 -74.6589 267 30
40.343 -74.6607 98 0
40.3464 -74.658 1.87666666666667 0
40.3463 -74.6587 345.586 600
40.3441 -74.6594333333333 63.5625 160
40.3464 -74.658 0.63 0
40.34455 -74.65505 218.5 27.5
40.3428 -74.6608 109 0
40.347 -74.6565 252.24 60
40.34345 -74.6598 229 77.5
40.3463 -74.6582 9.27 0
40.3464 -74.6582 32.28 0
40.3464 -74.6578 20.39 0
40.34485 -74.65535 63 60
40.3463 -74.6582 328.92 60
40.3465 -74.658 21.35 0
40.346325 -74.6581 66.74 135
40.34405 -74.6576 263.5 67.5
40.3451 -74.6533 116 15
40.3457 -74.6558 61 0
40.3467 -74.6581 34.18 0
40.3463 -74.6581 4.335 0
40.3464 -74.6583 22.31 0
40.3454333333333 -74.6605 152.344 260
40.3482333333333 -74.6596333333333 9.55666666666667 20
40.3439666666667 -74.6574333333333 56.3333333333333 80
40.34994 -74.65202 356.088 24
40.3436666666667 -74.6596666666667 7 35
40.34375 -74.6597 341.5 27.5
40.3445 -74.6547 176 75
40.3464 -74.6579 60.58 0
40.3504 -74.6532 356 0
40.34485 -74.654825 83 26.25
40.3463 -74.6579 9.4 0
40.34835 -74.6606 342.85 0
40.3498 -74.6526 357.3 0
40.3477 -74.6529 13.06 0
40.34395 -74.6584 309.254 270
40.3439 -74.6564 232 135
40.3498 -74.65295 67.6 90
40.3500333333333 -74.6521 340.046666666667 0
40.346375 -74.658175 55.8425 0
40.3463 -74.6522 167 0
40.3462 -74.6581 5.27 0
40.3464 -74.6581 38.46 0
40.3426 -74.661 10 0
40.34395 -74.6585 89.0117 307.5
40.3449 -74.6568 15 15
40.3463 -74.6557 114 0
40.3463 -74.6581 8.7 150
40.345 -74.6547 351 0
40.3505 -74.6516 353.39 0
40.3465 -74.6581 1.975 0
40.3463 -74.6584 1.59 0
40.3496 -74.653 2.325 0
40.34655 -74.658 0.375 0
40.35005 -74.65215 64.83 60
40.3494 -74.65295 313.595 0
40.3499 -74.6533 331.44 0
40.34835 -74.655 242.125 30
40.3507 -74.6513 5.51 120
40.3432 -74.6599 199 30
40.3464 -74.6581 6.31 0
40.3466 -74.6583 3.29 0
40.3463 -74.6582 39.6 420
40.3452 -74.65475 224.121 600
40.35 -74.6591 253.828 600
40.3463 -74.6581 3.4 0
40.34645 -74.658 7.54 0
40.3464 -74.6582333333333 359.713333333333 0
40.3499 -74.653 6.43 0
40.347 -74.6531 254.73 360
40.3425 -74.6616 301 0
40.34635 -74.6582 11.445 0
40.3495 -74.6542 346.28 120
40.34385 -74.65785 107 112.5
40.3428 -74.6606 357 45
40.3464 -74.6579333333333 24.7966666666667 40
40.3499 -74.653 328.17 0
40.3485 -74.65355 355.005 60
40.3494 -74.653 355.21 180
40.3499 -74.6529 99.98 0
40.3464 -74.6581 1.54 0
40.3486 -74.6573 306.145 0
40.3439 -74.6584 271 180
40.3501 -74.6529 9.1 0
40.3465 -74.6579 2.14 0
40.3489 -74.6531 156.99 60
40.3466 -74.658 2.54 0
40.3442 -74.6595 33.5 15
40.3484 -74.65525 4.915 210
40.34625 -74.6558 270.242 60
40.3485 -74.6576 340.18 0
40.3428 -74.6609 212.5 0
40.344 -74.6579 200 165
40.35005 -74.65185 286.125 0
40.3445 -74.6562 50 0
40.3494 -74.6529 1.85 60
40.3423 -74.661 20 10
40.3499333333333 -74.6528333333333 1.56666666666667 0
40.3463 -74.658 0.09 0
40.3488 -74.6527 359.55 0
40.3495 -74.65355 237.69 90
40.3464 -74.6583 1.024 0
40.34395 -74.6579 118.5 22.5
40.3451 -74.6537 204 0
40.3438 -74.65875 299 15
40.3452 -74.6534 231 0
40.3463 -74.6582 5.95 0
40.3463 -74.6585 23.05 0
40.3463 -74.6582 0.8125 0
40.3436 -74.6598 198.075666666667 160
40.3488 -74.6526333333333 1.94666666666667 0
40.3463 -74.658 2.075 0
40.3461 -74.6604 335 0
40.3427 -74.66095 176.5 22.5
40.3464 -74.6582 37.225 0
40.3462 -74.6581 1.02 0
40.3468 -74.6597 315.7035 600
40.3434 -74.6598 190 45
40.3501 -74.6529 355.28 0
40.3464 -74.6581 33.71 0
40.3501 -74.6519666666667 1.74333333333333 40
40.3443 -74.6569 57.4492 165
40.3464 -74.6582 28.24 0
40.3462 -74.6581 263.19 0
40.3465 -74.6582 3.855 0
40.3464 -74.6584 356.85 0
40.3503 -74.6578 252.773 600
40.3459 -74.6603 116.5 0
40.3497 -74.6535 0.28 120
40.3463 -74.6582 7.22 0
40.3463 -74.6579 229.11 0
40.34285 -74.66075 274 7.5
40.3438333333333 -74.6570666666667 279.333333333333 100
40.3459 -74.6546 312.23 120
40.3504 -74.6508 33.53 0
40.3463 -74.6583 39.02 0
40.3464 -74.6583 106.77 0
40.34525 -74.6533 80.5 0
40.3453 -74.6542 239.823 100
40.3437 -74.6587 12 0
40.3463 -74.6581 353.39 0
40.3454 -74.6549 305.156 240
40.3463 -74.6582 23.26 20
40.34285 -74.6609 138.5 0
40.34985 -74.65265 294.02 0
40.3438 -74.6586 357 210
40.34635 -74.6583 51.81 0
40.3464 -74.6582 353.93 60
40.3464 -74.6581 12.23 0
40.3462 -74.6582 38.66 0
40.3462 -74.658 1.62 0
40.3463 -74.6581 5.31 0
40.3464 -74.6582 347.53 0
40.3463333333333 -74.6581333333333 127.546666666667 120
40.3495 -74.652 357.75 0
40.34645 -74.6581 165.02 0
40.344 -74.6570333333333 243 123.333333333333
40.3451 -74.65635 21 7.5
40.3463333333333 -74.658 13.54 0
40.34635 -74.6581 26.71 30
40.3464 -74.6581 7.71 0
40.3463333333333 -74.6582 287.706666666667 0
40.3464 -74.65805 28.57 0
40.3501 -74.65195 359.47 0
40.3462 -74.6557 217 0
40.3488 -74.6551 31 60
40.3462 -74.6579 7.52 0
40.3488 -74.6527 358.85 0
40.3492 -74.6544 1.64 60
40.3464 -74.6582 1.4775 0
40.3463 -74.6579 26.55 0
40.34375 -74.65805 307.5 90
40.3462 -74.6581 358.82 0
40.3445 -74.6563 68 15
40.3498666666667 -74.6531 2.18 0
40.3463 -74.6582 5.435 0
40.3463 -74.6581 14.1 0
40.3501333333333 -74.6521666666667 358.966666666667 20
40.3446333333333 -74.6560333333333 226.468666666667 200
40.3439 -74.659175 310.75 26.25
40.3457 -74.658 320.273 600
40.3437666666667 -74.6595666666667 166 85
40.3468 -74.6578 1.26 180
40.34575 -74.65595 348.5 0
40.3444333333333 -74.6568333333333 345 35
40.34998 -74.65288 358.704 0
40.3499 -74.6522 90.93 0
40.34275 -74.66085 92 30
40.3463 -74.6580333333333 208.41 40
40.34385 -74.6588 325 7.5
40.345 -74.6544 138 15
40.34645 -74.6583 217.605 0
40.3502 -74.65245 1.15 30
40.3463 -74.6582 37.43 240
40.3428 -74.6606 42 15
40.3463 -74.65835 310.355 0
40.3431 -74.6604 190 15
40.3438 -74.656 320 150
40.344 -74.6596 243.984 420
40.3464 -74.6582 356.67 0
40.3466 -74.6583 0.57 0
40.3491 -74.6544 229.17 120
40.346 -74.6581 221.12 0
40.3453 -74.6544 57.6562 120
40.345 -74.6563 73 0
40.3441 -74.6555 203 15
